
558752
558750
558433
558383
558801
558783
558757
558744
558726
558685
558676
558656
558633
558627
558615
558606
558604
558602
558551
558535
558482
558449
558437
558422
558410
558409
558406
558390
558387
558369
558354
558330
558329
558291
558288
558284
558275
558273
558247
558244
558221
558217
558215
558182
558179
558155
558153
558150
558126
558124
558122
556923
556913
556909
556907
556889
556872
556834
556816
556979
556640
557926
557913
557897
557876
557862
557749
557744
557726
557723
557717
557691
557681
557659
557613
557547
557531
557509
557482
557481
557444
557425
557415
557374
557350
557339
557336
557321
557299
557291
557271
557251
557233
557226
557149
557138
557119
557118
557112
557104
557074
557026
557021
557019
557012
556997
556981
556958
556954
556939
556767
556741
556734
556716
556680
556664
556662
556641
556639
556562
556542
556517
556497
556491
556485
556482
556461
556454
556437
556412
556372
556370
556284
556269
556248
556237
556218
556210
556182
556164
556160
556152
555976
555967
555965
555883
555881
555960
555958
555933
555917
555900
555860
555853
555850
555801
555798
555790
555789
555763
555761
555759
555742
555740
555723
555722
555707
555705
555695
555693
555676
555651
555649
555612
555596
555591
555575
555546
555543
555540
555504
555482
555478
555476
555451
555443
555435
555431
555411
555408
555401
555374
555370
555345
555344
555122
554524
553700
553297
555308
555270
555267
555259
555254
555232
555226
555208
555202
555187
555172
555166
555160
555156
555152
555150
555124
555121
555073
555071
555047
555023
555022
555020
554998
554973
554970
554968
554920
554898
554880
554873
554837
554835
554808
554791
554774
554772
554768
554752
554736
554732
554728
554714
554703
554701
554633
554615
554613
554603
554588
554569
554564
554558
554538
554526
554507
554504
554495
554494
554471
554462
554427
554413
554408
554404
554394
554354
554323
554322
554316
554295
554293
554261
554247
554223
554208
554207
554203
554201
554198
554194
554098
554097
554095
554094
554092
553903
553880
553862
553844
553825
553824
553821
553819
553816
553807
553785
553756
553739
553702
553663
553660
553655
553633
553610
553590
553588
553555
553536
553530
553512
553486
553305
553299
553294
553274
553255
553253
553250
553225
553219
553193
553189
553188
553187
553185
552403
552402
552401
552400
552384
552383
552382
552381
552369
552353
552341
552340
552304
552285
552283
552206
552205
552204
552203
552201
552200
552198
552197
552179
552178
552177
552176
552156
552142
552141
552140
552139
552138
552103
552102
552080
552029
552005
551997
551993
551992
551989
551983
551982
551979
551977
551958
551943
551931
551926
551925
551924
551923
551922
551921
551894
551890
551889
551877
551875
551874
551856
551843
551780
551761
551760
551759
551504
551498
551468
551463
551427
551418
551398
551394
551392
551391
551389
551387
551365
551296
551290
551272
551260
551257
551255
551232
551230
551229
551221
551219
551149
551127
551122
551107
551105
551083
551066
551027
551023
551013
551008
551007
551005
550997
550916
550889
550858
550852
550848
550843
550824
550819
550784
550781
550778
550774
550760
550756
550742
550731
550728
550711
550707
550691
550690
550654
550653
550634
550632
550630
550439
550425
550424
550421
550417
550412
550375
550369
550367