0.5	0.5	1037.343216	664.7329515	1840.315336	618.9381912	1181.072767 
1 0.25 2134.05906 1373.185336 3763.247162 1334.333845 2386.934382 
1.5	0.5	2699.9933 1748.285404 4708.080278 1722.324762 2995.893187 
2 0.25 2672.699781 1744.176625 4601.889919 1718.654789 2958.341251 
2.5	0.5	2281.559657	1501.699772	3874.444824	1468.578193	2524.819758 
3 0.25 1765.328568 1172.218438 2955.636951 1134.296467 1953.87441 
3.5	0.5	1285.200004	860.725247 2122.835253 824.4294793 1422.264947 
4 0.25 903.4434114 610.0605932 1473.56895 579.8632372 998.6105378 
4.5	0.5	624.7478329	425.103962 1006.80746 402.5406529 688.8178262 
5 0.25 433.5962022 297.1857705 691.0723114 281.2744842 476.5070736 
5.5	0.5	304.4383278	210.0548142	480.2879619	199.2621857	333.2930686 
6 0.5 218.4505603 151.6700525 341.4040288 144.4485655 238.2173657 
6.5	0.5	160.2343586	111.8954567	248.2639846	107.0097056	174.1311901 
7 0.25 120.1364599 84.35433052 184.6571901 81.05777304 130.1245608 
7.5	0.5	92.29614619	65.12716714	140.8164773	62.8355595 99.67801317 
8 0.5 72.15481007 51.1531667 109.3392708 49.49644622 77.75176515 
8.5	0.5	57.36969903	40.8534224 86.39147268 39.64031805 61.70225176 
9 0.5 46.44648515 33.20544501 69.52356277 32.28616247 49.86084942 
9.5	0.5	37.97165987	27.2482489 56.52391663 26.51975316 40.71123137 
10 0.25	31.20168177	22.47440473	46.21031518	21.87684089	33.41796343 
10.5 0.5 26.03976924 18.81834554 38.38018204 18.33105348 27.85874615 
11 0.5 21.91112887 15.8851831 32.14706496 15.47235918 23.42050914 
11.5 0.5 18.51443478 13.46452139 27.05098156 13.10751772 19.77693829 
12 0.5 15.68073814 11.43523398 22.81747124 11.12186607 16.74068725 
12.5 0.5 13.41811833 9.811764448 19.44963607 9.538349139 14.31562938 
13 0.5 11.58407724 8.49220037 16.73233488 8.250004708 12.35449853 
13.5 0.5 10.02525416 7.367492305 14.43050179 7.150845826 10.68582655 
14 0.5 8.686449885 6.398230024 12.46307466 6.202850366 9.25624292 
14.5 0.5 7.530294154 5.559140599 10.77075875 5.383136534 8.02149186 
15 0.5 6.595789925 4.879639383 9.406439996 4.720829149 7.023177384 
15.5 0.5 5.82856757 4.320459939 8.28862052 4.176727608 6.203745439 
16 0.5 5.158014728 3.83158653 7.315856196 3.70003748 5.489717098 
16.5 0.5 4.566713142 3.398418053 6.461025447 3.278468361 4.858410205 
17 0.5 4.041343327 3.01262887 5.703211863 2.903221502 4.298915898 
17.5 0.5 3.574164044 2.669277144 5.031691608 2.569076755 3.801181467 
18 0.5 3.192840078 2.388302761 4.485144414 2.296747514 3.395199609 
18.5 0.5 2.869180541 2.149666627 4.021393619 2.065568486 3.050673764 
19 0.5 2.580635822 1.936318608 3.609012233 1.858761708 2.743078678 
19.5 0.5 2.321294075 1.744574996 3.240261735 1.673016802 2.466992638 
20 0.25 2.087924874	1.571385222	2.90845098 1.505300838 2.218630373 