528543
528537
528534
528531
528530
528463
528461
528451
528448
528386
528381
528379
528359
528347
528336
528332
528330
528329
528328
528319
528316
528294
528292
528266
528263
528233
528232
528231
528110
528109
528107
528105
528097
528094
528036
528026
528021
527979
527978
527976
527963
527899
527898
527895
527871
527869
527865
527864
527863
527852
527850
527848
527828
527826
527825
527523
527518
527446
527349
527347
527345
527240
527237
527228
526886
526865
526860
526776
526719
526716
526715
526714
526713
526649
526643
526641
526612
526606
526596
526559
526528
526505
526486
526468
526467
526466
526465